# This file was produced by bcftools stats (1.3.1+htslib-1.3.1) and can be plotted using plot-vcfstats.
# The command line was:	bcftools stats  gatk/SRR12083525.pass.filtered.vcf.gz
#
# Definition of sets:
# ID	[2]id	[3]tab-separated file names
ID	0	gatk/SRR12083525.pass.filtered.vcf.gz
# SN, Summary numbers:
# SN	[2]id	[3]key	[4]value
SN	0	number of samples:	1
SN	0	number of records:	158174
SN	0	number of no-ALTs:	0
SN	0	number of SNPs:	128058
SN	0	number of MNPs:	0
SN	0	number of indels:	30116
SN	0	number of others:	77
SN	0	number of multiallelic sites:	1269
SN	0	number of multiallelic SNP sites:	99
# TSTV, transitions/transversions:
# TSTV	[2]id	[3]ts	[4]tv	[5]ts/tv	[6]ts (1st ALT)	[7]tv (1st ALT)	[8]ts/tv (1st ALT)
TSTV	0	89125	38945	2.29	89073	38902	2.29
# SiS, Singleton stats:
# SiS	[2]id	[3]allele count	[4]number of SNPs	[5]number of transitions	[6]number of transversions	[7]number of indels	[8]repeat-consistent	[9]repeat-inconsistent	[10]not applicable
SiS	0	1	79294	55161	24133	17405	0	0	17405
# AF, Stats by non-reference allele frequency:
# AF	[2]id	[3]allele frequency	[4]number of SNPs	[5]number of transitions	[6]number of transversions	[7]number of indels	[8]repeat-consistent	[9]repeat-inconsistent	[10]not applicable
AF	0	0.000000	79294	55161	24133	17405	0	0	17405
AF	0	99.000000	48776	33964	14812	13804	0	0	13804
# QUAL, Stats by quality:
# QUAL	[2]id	[3]Quality	[4]number of SNPs	[5]number of transitions (1st ALT)	[6]number of transversions (1st ALT)	[7]number of indels
QUAL	0	30	191	121	70	95
QUAL	0	31	275	187	88	140
QUAL	0	32	355	240	115	84
QUAL	0	33	110	73	37	118
QUAL	0	34	140	84	56	105
QUAL	0	35	642	394	248	514
QUAL	0	36	131	87	44	131
QUAL	0	37	7152	4919	2232	146
QUAL	0	38	128	78	50	154
QUAL	0	39	82	48	33	117
QUAL	0	40	79	47	29	167
QUAL	0	41	122	84	37	163
QUAL	0	42	98	65	33	156
QUAL	0	43	131	95	36	195
QUAL	0	44	94	63	30	213
QUAL	0	45	123	88	34	216
QUAL	0	46	126	88	37	163
QUAL	0	47	143	85	58	112
QUAL	0	48	149	102	47	124
QUAL	0	49	190	134	56	174
QUAL	0	50	215	142	73	180
QUAL	0	51	210	140	68	151
QUAL	0	52	253	182	71	158
QUAL	0	53	263	182	81	130
QUAL	0	54	290	197	93	119
QUAL	0	55	379	267	112	165
QUAL	0	56	356	245	111	80
QUAL	0	57	359	247	112	155
QUAL	0	58	628	414	213	162
QUAL	0	59	432	301	130	196
QUAL	0	60	448	319	128	137
QUAL	0	61	579	411	168	156
QUAL	0	62	587	423	164	127
QUAL	0	63	556	379	177	211
QUAL	0	64	576	402	174	185
QUAL	0	65	620	405	214	113
QUAL	0	66	839	590	249	105
QUAL	0	67	1043	711	332	185
QUAL	0	68	697	503	194	119
QUAL	0	69	635	437	198	224
QUAL	0	70	950	666	284	269
QUAL	0	71	738	485	253	115
QUAL	0	72	491	345	145	126
QUAL	0	73	596	375	218	411
QUAL	0	74	479	325	153	84
QUAL	0	75	490	338	152	85
QUAL	0	76	435	289	145	81
QUAL	0	77	436	278	158	96
QUAL	0	78	2285	1504	781	1777
QUAL	0	79	184	123	61	88
QUAL	0	80	180	109	71	81
QUAL	0	81	125	80	45	73
QUAL	0	82	154	96	58	71
QUAL	0	83	139	99	40	56
QUAL	0	84	165	118	47	76
QUAL	0	85	229	152	77	68
QUAL	0	86	178	124	54	74
QUAL	0	87	201	143	57	89
QUAL	0	88	224	151	73	78
QUAL	0	89	235	173	62	72
QUAL	0	90	228	159	69	62
QUAL	0	91	302	200	102	54
QUAL	0	92	299	203	96	69
QUAL	0	93	275	184	91	79
QUAL	0	94	326	215	111	79
QUAL	0	95	292	214	78	75
QUAL	0	96	284	188	96	76
QUAL	0	97	378	264	114	89
QUAL	0	98	313	197	116	106
QUAL	0	99	350	245	105	66
QUAL	0	100	373	242	131	89
QUAL	0	101	389	273	116	85
QUAL	0	102	400	287	113	69
QUAL	0	103	469	321	148	91
QUAL	0	104	400	280	120	83
QUAL	0	105	293	216	77	52
QUAL	0	106	311	218	92	100
QUAL	0	107	273	196	76	93
QUAL	0	108	308	203	104	55
QUAL	0	109	456	302	154	127
QUAL	0	110	275	196	78	71
QUAL	0	111	255	181	74	44
QUAL	0	112	303	189	113	142
QUAL	0	113	206	134	71	54
QUAL	0	114	213	141	72	58
QUAL	0	115	340	232	107	190
QUAL	0	116	208	144	63	95
QUAL	0	117	215	145	70	68
QUAL	0	118	222	144	78	54
QUAL	0	119	224	144	80	52
QUAL	0	120	184	124	60	69
QUAL	0	121	721	461	260	777
QUAL	0	122	137	97	40	47
QUAL	0	123	157	111	46	44
QUAL	0	124	185	131	53	65
QUAL	0	125	180	121	59	51
QUAL	0	126	147	115	31	48
QUAL	0	127	158	109	49	56
QUAL	0	128	141	93	48	62
QUAL	0	129	172	112	60	50
QUAL	0	130	200	130	70	67
QUAL	0	131	169	119	48	55
QUAL	0	132	182	125	57	37
QUAL	0	133	149	101	48	41
QUAL	0	134	183	114	69	44
QUAL	0	135	167	107	60	38
QUAL	0	136	149	107	42	88
QUAL	0	137	148	102	46	52
QUAL	0	138	159	97	62	53
QUAL	0	139	155	103	52	59
QUAL	0	140	122	84	38	57
QUAL	0	141	144	90	54	52
QUAL	0	142	160	119	41	58
QUAL	0	143	131	94	37	29
QUAL	0	144	141	97	44	51
QUAL	0	145	183	116	67	71
QUAL	0	146	152	106	45	57
QUAL	0	147	149	104	45	44
QUAL	0	148	161	101	60	113
QUAL	0	149	127	93	34	48
QUAL	0	150	153	104	49	44
QUAL	0	151	178	114	64	98
QUAL	0	152	128	84	44	53
QUAL	0	153	134	94	40	54
QUAL	0	154	173	112	60	100
QUAL	0	155	136	91	45	47
QUAL	0	156	146	105	41	33
QUAL	0	157	179	131	48	117
QUAL	0	158	139	94	45	50
QUAL	0	159	135	97	38	34
QUAL	0	160	130	92	38	49
QUAL	0	161	143	99	44	45
QUAL	0	162	139	101	38	38
QUAL	0	163	145	100	45	42
QUAL	0	164	143	100	43	26
QUAL	0	165	135	95	40	60
QUAL	0	166	210	131	79	433
QUAL	0	167	152	100	52	44
QUAL	0	168	133	95	38	39
QUAL	0	169	134	91	43	36
QUAL	0	170	129	93	36	34
QUAL	0	171	119	78	41	27
QUAL	0	172	132	88	44	55
QUAL	0	173	142	92	50	28
QUAL	0	174	133	88	45	31
QUAL	0	175	156	103	53	31
QUAL	0	176	137	88	47	33
QUAL	0	177	127	93	34	24
QUAL	0	178	126	82	44	26
QUAL	0	179	126	88	38	34
QUAL	0	180	136	86	50	26
QUAL	0	181	127	89	37	55
QUAL	0	182	97	70	27	38
QUAL	0	183	131	87	44	30
QUAL	0	184	157	111	46	55
QUAL	0	185	138	101	37	27
QUAL	0	186	119	89	30	36
QUAL	0	187	142	107	35	63
QUAL	0	188	100	69	31	29
QUAL	0	189	120	85	35	22
QUAL	0	190	133	93	40	72
QUAL	0	191	118	81	37	27
QUAL	0	192	116	82	34	27
QUAL	0	193	143	97	46	95
QUAL	0	194	99	69	29	31
QUAL	0	195	114	81	33	30
QUAL	0	196	119	75	43	70
QUAL	0	197	130	82	48	27
QUAL	0	198	110	77	33	31
QUAL	0	199	131	77	54	65
QUAL	0	200	103	70	33	19
QUAL	0	201	107	71	36	27
QUAL	0	202	114	90	24	35
QUAL	0	203	103	64	39	37
QUAL	0	204	94	61	33	26
QUAL	0	205	119	78	40	29
QUAL	0	206	101	72	29	26
QUAL	0	207	111	72	39	24
QUAL	0	208	100	69	31	43
QUAL	0	209	113	81	32	38
QUAL	0	210	155	104	51	229
QUAL	0	211	96	57	39	37
QUAL	0	212	98	66	32	22
QUAL	0	213	91	70	21	25
QUAL	0	214	104	71	33	31
QUAL	0	215	125	85	40	23
QUAL	0	216	96	66	30	16
QUAL	0	217	89	69	20	40
QUAL	0	218	115	73	42	18
QUAL	0	219	117	81	36	24
QUAL	0	220	130	83	47	45
QUAL	0	221	104	69	35	30
QUAL	0	222	98	68	30	23
QUAL	0	223	132	90	42	30
QUAL	0	224	111	73	38	37
QUAL	0	225	123	93	30	23
QUAL	0	226	126	76	50	36
QUAL	0	227	95	61	34	25
QUAL	0	228	103	68	35	35
QUAL	0	229	142	103	39	43
QUAL	0	230	93	63	30	26
QUAL	0	231	99	74	25	15
QUAL	0	232	99	63	36	42
QUAL	0	233	100	67	33	27
QUAL	0	234	119	83	36	18
QUAL	0	235	125	93	32	54
QUAL	0	236	88	69	19	11
QUAL	0	237	110	85	25	26
QUAL	0	238	116	71	45	50
QUAL	0	239	93	71	22	25
QUAL	0	240	87	48	39	13
QUAL	0	241	105	65	40	41
QUAL	0	242	85	49	36	17
QUAL	0	243	111	74	37	22
QUAL	0	244	90	68	22	24
QUAL	0	245	78	48	30	28
QUAL	0	246	98	68	30	22
QUAL	0	247	86	59	27	32
QUAL	0	248	84	59	25	23
QUAL	0	249	76	50	26	34
QUAL	0	250	91	55	36	30
QUAL	0	251	114	78	36	28
QUAL	0	252	96	63	33	17
QUAL	0	253	96	66	30	27
QUAL	0	254	110	84	26	36
QUAL	0	255	129	86	43	137
QUAL	0	256	118	80	38	20
QUAL	0	257	100	75	25	19
QUAL	0	258	99	68	31	20
QUAL	0	259	109	75	34	26
QUAL	0	260	81	53	28	12
QUAL	0	261	92	63	29	16
QUAL	0	262	112	72	40	28
QUAL	0	263	85	55	30	17
QUAL	0	264	101	74	27	19
QUAL	0	265	116	80	36	41
QUAL	0	266	93	59	33	20
QUAL	0	267	97	64	33	20
QUAL	0	268	106	72	34	41
QUAL	0	269	88	60	28	18
QUAL	0	270	88	58	30	15
QUAL	0	271	98	61	37	31
QUAL	0	272	82	66	16	14
QUAL	0	273	74	45	29	12
QUAL	0	274	103	75	28	28
QUAL	0	275	90	59	31	25
QUAL	0	276	84	63	21	16
QUAL	0	277	95	68	27	40
QUAL	0	278	88	63	25	22
QUAL	0	279	72	52	20	14
QUAL	0	280	90	60	30	21
QUAL	0	281	100	71	29	13
QUAL	0	282	85	61	24	13
QUAL	0	283	84	54	30	22
QUAL	0	284	85	52	33	23
QUAL	0	285	87	60	27	16
QUAL	0	286	86	61	25	23
QUAL	0	287	82	57	24	17
QUAL	0	288	77	55	22	16
QUAL	0	289	88	63	25	25
QUAL	0	290	84	55	29	24
QUAL	0	291	77	57	20	24
QUAL	0	292	76	45	31	26
QUAL	0	293	98	75	22	8
QUAL	0	294	88	54	34	19
QUAL	0	295	79	48	31	23
QUAL	0	296	82	60	22	19
QUAL	0	297	63	40	23	11
QUAL	0	298	93	61	31	23
QUAL	0	299	69	47	22	19
QUAL	0	300	88	62	26	112
QUAL	0	301	129	83	46	32
QUAL	0	302	90	61	29	19
QUAL	0	303	73	47	26	18
QUAL	0	304	87	52	35	14
QUAL	0	305	81	59	22	18
QUAL	0	306	84	59	25	20
QUAL	0	307	96	66	30	21
QUAL	0	308	83	61	21	14
QUAL	0	309	83	54	29	23
QUAL	0	310	84	64	20	34
QUAL	0	311	88	61	27	19
QUAL	0	312	104	69	35	16
QUAL	0	313	106	79	27	25
QUAL	0	314	69	47	22	14
QUAL	0	315	66	51	15	15
QUAL	0	316	97	75	22	21
QUAL	0	317	84	60	24	10
QUAL	0	318	67	41	26	14
QUAL	0	319	91	63	28	30
QUAL	0	320	70	51	19	22
QUAL	0	321	75	53	22	15
QUAL	0	322	94	67	27	23
QUAL	0	323	72	49	23	21
QUAL	0	324	72	45	27	13
QUAL	0	325	81	57	23	19
QUAL	0	326	87	61	26	16
QUAL	0	327	89	63	26	12
QUAL	0	328	77	45	32	8
QUAL	0	329	82	55	27	15
QUAL	0	330	87	58	29	20
QUAL	0	331	61	42	19	23
QUAL	0	332	75	52	23	24
QUAL	0	333	86	61	25	15
QUAL	0	334	98	72	26	19
QUAL	0	335	86	65	21	13
QUAL	0	336	76	51	25	17
QUAL	0	337	92	63	29	18
QUAL	0	338	67	49	18	23
QUAL	0	339	86	60	26	19
QUAL	0	340	74	45	29	21
QUAL	0	341	62	50	12	11
QUAL	0	342	74	55	19	17
QUAL	0	343	89	65	24	27
QUAL	0	344	77	54	23	10
QUAL	0	345	88	55	32	29
QUAL	0	346	105	66	39	96
QUAL	0	347	79	58	21	22
QUAL	0	348	75	42	33	14
QUAL	0	349	91	66	25	14
QUAL	0	350	60	41	19	19
QUAL	0	351	85	58	27	10
QUAL	0	352	82	58	24	19
QUAL	0	353	75	47	28	17
QUAL	0	354	70	46	24	10
QUAL	0	355	59	41	18	19
QUAL	0	356	67	46	21	9
QUAL	0	357	77	53	24	22
QUAL	0	358	51	35	16	23
QUAL	0	359	59	39	20	12
QUAL	0	360	76	51	25	15
QUAL	0	361	83	55	28	19
QUAL	0	362	73	49	24	16
QUAL	0	363	83	54	29	12
QUAL	0	364	70	53	17	14
QUAL	0	365	65	51	14	13
QUAL	0	366	68	47	21	11
QUAL	0	367	74	47	27	11
QUAL	0	368	73	49	24	9
QUAL	0	369	81	51	30	15
QUAL	0	370	84	61	23	11
QUAL	0	371	66	44	22	11
QUAL	0	372	76	49	27	14
QUAL	0	373	69	44	25	18
QUAL	0	374	67	39	28	14
QUAL	0	375	71	54	17	7
QUAL	0	376	76	60	16	18
QUAL	0	377	74	45	29	18
QUAL	0	378	62	40	22	14
QUAL	0	379	66	45	21	18
QUAL	0	380	84	57	27	16
QUAL	0	381	80	51	28	10
QUAL	0	382	60	38	22	16
QUAL	0	383	63	46	17	15
QUAL	0	384	64	43	21	16
QUAL	0	385	83	55	28	18
QUAL	0	386	67	47	20	22
QUAL	0	387	65	38	27	11
QUAL	0	388	66	49	17	21
QUAL	0	389	80	58	22	13
QUAL	0	390	78	55	23	19
QUAL	0	391	102	68	34	75
QUAL	0	392	63	46	17	16
QUAL	0	393	60	45	15	8
QUAL	0	394	73	51	22	17
QUAL	0	395	56	41	15	14
QUAL	0	396	66	47	19	8
QUAL	0	397	60	44	16	18
QUAL	0	398	64	42	22	19
QUAL	0	399	54	35	19	16
QUAL	0	400	76	52	24	24
QUAL	0	401	71	56	15	12
QUAL	0	402	76	53	22	12
QUAL	0	403	71	51	20	13
QUAL	0	404	64	44	20	11
QUAL	0	405	53	42	11	6
QUAL	0	406	57	38	19	12
QUAL	0	407	64	46	18	11
QUAL	0	408	61	43	18	9
QUAL	0	409	81	53	28	19
QUAL	0	410	71	47	24	11
QUAL	0	411	77	50	26	10
QUAL	0	412	59	40	19	13
QUAL	0	413	61	37	24	11
QUAL	0	414	80	55	25	10
QUAL	0	415	63	41	22	13
QUAL	0	416	68	37	31	6
QUAL	0	417	73	50	22	11
QUAL	0	418	64	44	20	12
QUAL	0	419	77	54	23	11
QUAL	0	420	72	53	19	7
QUAL	0	421	72	47	25	11
QUAL	0	422	51	40	11	14
QUAL	0	423	59	39	20	15
QUAL	0	424	67	43	24	20
QUAL	0	425	70	52	18	8
QUAL	0	426	72	52	20	8
QUAL	0	427	53	34	19	19
QUAL	0	428	59	41	16	13
QUAL	0	429	41	23	18	8
QUAL	0	430	62	41	21	18
QUAL	0	431	47	29	18	20
QUAL	0	432	62	47	15	14
QUAL	0	433	71	46	25	17
QUAL	0	434	63	52	11	14
QUAL	0	435	54	38	16	19
QUAL	0	436	91	55	36	69
QUAL	0	437	68	51	17	17
QUAL	0	438	53	37	16	9
QUAL	0	439	57	39	18	12
QUAL	0	440	75	56	19	13
QUAL	0	441	68	56	12	9
QUAL	0	442	63	46	17	7
QUAL	0	443	72	49	23	10
QUAL	0	444	45	31	14	8
QUAL	0	445	68	46	22	14
QUAL	0	446	60	40	20	12
QUAL	0	447	76	51	25	9
QUAL	0	448	53	32	21	20
QUAL	0	449	65	50	15	11
QUAL	0	450	53	42	11	12
QUAL	0	451	72	50	22	9
QUAL	0	452	64	42	22	9
QUAL	0	453	56	40	16	11
QUAL	0	454	64	48	16	9
QUAL	0	455	66	55	11	11
QUAL	0	456	65	50	15	9
QUAL	0	457	59	39	19	12
QUAL	0	458	65	42	23	7
QUAL	0	459	63	43	20	6
QUAL	0	460	59	42	17	6
QUAL	0	461	48	30	18	7
QUAL	0	462	53	34	19	5
QUAL	0	463	63	40	23	15
QUAL	0	464	53	39	14	12
QUAL	0	465	51	36	15	1
QUAL	0	466	58	38	20	18
QUAL	0	467	70	43	27	14
QUAL	0	468	63	39	24	12
QUAL	0	469	58	36	22	23
QUAL	0	470	72	51	21	11
QUAL	0	471	58	38	20	18
QUAL	0	472	67	41	26	18
QUAL	0	473	66	46	20	14
QUAL	0	474	68	52	16	13
QUAL	0	475	68	50	18	15
QUAL	0	476	53	38	15	15
QUAL	0	477	57	35	22	0
QUAL	0	478	80	60	20	14
QUAL	0	479	55	34	21	11
QUAL	0	480	49	32	17	11
QUAL	0	481	57	27	30	49
QUAL	0	482	80	59	21	14
QUAL	0	483	53	39	14	5
QUAL	0	484	54	43	11	8
QUAL	0	485	41	29	12	11
QUAL	0	486	61	45	16	15
QUAL	0	487	53	34	19	9
QUAL	0	488	62	46	16	10
QUAL	0	489	46	33	13	4
QUAL	0	490	72	52	20	8
QUAL	0	491	45	39	6	9
QUAL	0	492	63	46	17	11
QUAL	0	493	70	47	23	8
QUAL	0	494	50	39	11	9
QUAL	0	495	61	43	18	6
QUAL	0	496	66	52	14	8
QUAL	0	497	66	36	30	7
QUAL	0	498	70	52	18	10
QUAL	0	499	58	44	14	12
QUAL	0	500	73	55	18	7
QUAL	0	501	56	39	16	5
QUAL	0	502	62	48	14	15
QUAL	0	503	53	38	15	9
QUAL	0	504	59	33	26	8
QUAL	0	505	58	44	14	6
QUAL	0	506	62	48	14	6
QUAL	0	507	78	45	31	11
QUAL	0	508	76	60	16	13
QUAL	0	509	51	36	15	12
QUAL	0	510	46	32	14	18
QUAL	0	511	62	46	16	16
QUAL	0	512	55	45	10	9
QUAL	0	513	41	31	10	7
QUAL	0	514	54	36	18	7
QUAL	0	515	51	38	13	17
QUAL	0	516	43	33	10	8
QUAL	0	517	60	44	16	19
QUAL	0	518	47	35	12	17
QUAL	0	519	53	37	16	7
QUAL	0	520	59	39	19	5
QUAL	0	521	45	31	14	13
QUAL	0	522	49	36	13	7
QUAL	0	523	61	37	24	8
QUAL	0	524	47	27	20	8
QUAL	0	525	56	42	14	8
QUAL	0	526	70	48	22	40
QUAL	0	527	56	41	15	8
QUAL	0	528	56	41	15	8
QUAL	0	529	48	33	15	10
QUAL	0	530	43	29	14	6
QUAL	0	531	63	41	22	17
QUAL	0	532	58	42	16	4
QUAL	0	533	52	35	17	10
QUAL	0	534	47	34	13	11
QUAL	0	535	54	39	15	8
QUAL	0	536	39	22	17	4
QUAL	0	537	54	37	17	7
QUAL	0	538	52	43	9	10
QUAL	0	539	60	42	18	5
QUAL	0	540	49	35	14	11
QUAL	0	541	49	34	15	11
QUAL	0	542	62	43	19	11
QUAL	0	543	51	33	18	1
QUAL	0	544	44	27	17	9
QUAL	0	545	50	39	11	6
QUAL	0	546	41	31	10	11
QUAL	0	547	53	38	15	15
QUAL	0	548	54	37	17	13
QUAL	0	549	49	35	14	7
QUAL	0	550	49	34	15	10
QUAL	0	551	38	25	13	2
QUAL	0	552	50	40	10	12
QUAL	0	553	54	37	17	10
QUAL	0	554	48	29	19	6
QUAL	0	555	45	32	13	9
QUAL	0	556	65	48	17	12
QUAL	0	557	53	37	16	8
QUAL	0	558	38	19	19	8
QUAL	0	559	57	43	14	12
QUAL	0	560	52	36	16	6
QUAL	0	561	66	44	22	9
QUAL	0	562	46	33	13	9
QUAL	0	563	53	34	19	13
QUAL	0	564	39	24	15	14
QUAL	0	565	62	47	15	10
QUAL	0	566	43	34	9	11
QUAL	0	567	53	37	16	9
QUAL	0	568	51	38	13	10
QUAL	0	569	53	35	18	7
QUAL	0	570	31	22	9	7
QUAL	0	571	66	41	25	35
QUAL	0	572	45	28	17	13
QUAL	0	573	46	31	15	10
QUAL	0	574	49	35	14	4
QUAL	0	575	51	36	15	4
QUAL	0	576	41	33	8	5
QUAL	0	577	44	33	11	12
QUAL	0	578	57	37	20	8
QUAL	0	579	39	21	18	12
QUAL	0	580	54	44	10	15
QUAL	0	581	56	45	11	6
QUAL	0	582	48	40	8	3
QUAL	0	583	54	36	18	7
QUAL	0	584	50	32	18	6
QUAL	0	585	53	39	14	8
QUAL	0	586	34	25	9	7
QUAL	0	587	38	25	13	9
QUAL	0	588	48	32	16	11
QUAL	0	589	44	27	17	8
QUAL	0	590	52	31	21	8
QUAL	0	591	48	33	15	6
QUAL	0	592	60	38	22	15
QUAL	0	593	46	33	13	15
QUAL	0	594	41	33	8	6
QUAL	0	595	63	45	18	10
QUAL	0	596	41	29	12	6
QUAL	0	597	39	30	9	10
QUAL	0	598	50	37	13	6
QUAL	0	599	46	30	16	6
QUAL	0	600	52	36	16	8
QUAL	0	601	31	24	7	7
QUAL	0	602	43	30	13	2
QUAL	0	603	40	28	12	7
QUAL	0	604	44	25	19	10
QUAL	0	605	41	29	12	10
QUAL	0	606	45	30	15	13
QUAL	0	607	39	25	14	6
QUAL	0	608	48	38	10	8
QUAL	0	609	50	31	19	13
QUAL	0	610	63	49	14	11
QUAL	0	611	58	30	28	7
QUAL	0	612	47	33	14	5
QUAL	0	613	55	34	21	13
QUAL	0	614	47	30	17	6
QUAL	0	615	40	27	13	6
QUAL	0	616	58	39	19	34
QUAL	0	617	39	28	11	8
QUAL	0	618	55	42	13	4
QUAL	0	619	38	28	10	10
QUAL	0	620	53	36	17	2
QUAL	0	621	39	27	12	10
QUAL	0	622	54	35	19	10
QUAL	0	623	39	25	14	13
QUAL	0	624	56	44	12	7
QUAL	0	625	44	33	11	8
QUAL	0	626	42	29	13	6
QUAL	0	627	55	41	14	10
QUAL	0	628	45	31	14	17
QUAL	0	629	36	25	11	5
QUAL	0	630	41	31	10	5
QUAL	0	631	48	36	12	4
QUAL	0	632	50	42	8	4
QUAL	0	633	35	21	14	7
QUAL	0	634	49	31	18	11
QUAL	0	635	38	28	10	3
QUAL	0	636	46	31	15	14
QUAL	0	637	37	26	11	15
QUAL	0	638	41	28	13	4
QUAL	0	639	50	39	11	8
QUAL	0	640	48	29	19	9
QUAL	0	641	45	29	16	7
QUAL	0	642	45	39	6	9
QUAL	0	643	58	38	20	10
QUAL	0	644	32	25	7	10
QUAL	0	645	38	31	7	5
QUAL	0	646	50	36	14	7
QUAL	0	647	40	20	20	2
QUAL	0	648	51	34	17	4
QUAL	0	649	51	34	17	7
QUAL	0	650	52	32	20	9
QUAL	0	651	39	26	13	7
QUAL	0	652	40	33	7	13
QUAL	0	653	37	29	8	5
QUAL	0	654	51	32	19	3
QUAL	0	655	63	40	23	7
QUAL	0	656	49	35	14	12
QUAL	0	657	51	41	10	14
QUAL	0	658	52	38	14	8
QUAL	0	659	46	37	9	10
QUAL	0	660	51	35	16	10
QUAL	0	661	49	34	15	26
QUAL	0	662	39	29	10	12
QUAL	0	663	41	34	7	4
QUAL	0	664	45	29	16	4
QUAL	0	665	47	34	13	8
QUAL	0	666	45	35	10	7
QUAL	0	667	43	34	9	8
QUAL	0	668	32	21	11	4
QUAL	0	669	52	38	14	3
QUAL	0	670	40	32	8	5
QUAL	0	671	49	33	16	5
QUAL	0	672	49	36	13	5
QUAL	0	673	44	32	12	6
QUAL	0	674	38	27	11	7
QUAL	0	675	53	40	13	5
QUAL	0	676	42	27	15	11
QUAL	0	677	47	31	16	9
QUAL	0	678	30	21	9	3
QUAL	0	679	39	25	14	7
QUAL	0	680	50	39	11	6
QUAL	0	681	44	35	9	6
QUAL	0	682	41	29	12	6
QUAL	0	683	33	22	11	7
QUAL	0	684	41	28	13	11
QUAL	0	685	51	36	15	8
QUAL	0	686	50	31	19	7
QUAL	0	687	37	23	14	4
QUAL	0	688	42	29	13	5
QUAL	0	689	39	22	17	7
QUAL	0	690	48	36	12	7
QUAL	0	691	44	37	7	10
QUAL	0	692	41	30	11	6
QUAL	0	693	49	31	18	5
QUAL	0	694	42	30	12	10
QUAL	0	695	35	30	5	7
QUAL	0	696	42	27	15	6
QUAL	0	697	42	33	9	13
QUAL	0	698	40	27	13	9
QUAL	0	699	48	34	14	7
QUAL	0	700	48	37	11	9
QUAL	0	701	55	39	16	10
QUAL	0	702	53	42	11	3
QUAL	0	703	48	36	12	7
QUAL	0	704	49	30	19	9
QUAL	0	705	42	34	8	6
QUAL	0	706	49	30	19	28
QUAL	0	707	35	26	9	7
QUAL	0	708	45	33	12	8
QUAL	0	709	45	29	16	7
QUAL	0	710	44	31	13	5
QUAL	0	711	33	18	15	5
QUAL	0	712	44	30	14	11
QUAL	0	713	39	30	9	6
QUAL	0	714	45	23	22	2
QUAL	0	715	37	28	9	7
QUAL	0	716	45	35	10	5
QUAL	0	717	32	22	10	4
QUAL	0	718	42	32	10	7
QUAL	0	719	42	26	16	8
QUAL	0	720	38	33	5	6
QUAL	0	721	40	23	16	10
QUAL	0	722	34	25	9	11
QUAL	0	723	47	33	14	5
QUAL	0	724	44	26	18	4
QUAL	0	725	31	18	13	3
QUAL	0	726	36	31	5	4
QUAL	0	727	46	36	10	7
QUAL	0	728	48	35	13	5
QUAL	0	729	47	36	11	3
QUAL	0	730	44	28	16	7
QUAL	0	731	39	26	13	4
QUAL	0	732	36	22	14	6
QUAL	0	733	41	30	11	14
QUAL	0	734	49	38	11	6
QUAL	0	735	42	26	16	5
QUAL	0	736	31	21	10	9
QUAL	0	737	52	44	8	11
QUAL	0	738	40	29	11	13
QUAL	0	739	42	28	14	9
QUAL	0	740	41	24	17	8
QUAL	0	741	41	32	9	8
QUAL	0	742	51	36	15	5
QUAL	0	743	48	29	19	4
QUAL	0	744	44	35	9	11
QUAL	0	745	44	27	17	5
QUAL	0	746	36	27	8	4
QUAL	0	747	44	33	11	4
QUAL	0	748	43	30	13	9
QUAL	0	749	48	36	12	6
QUAL	0	750	40	31	9	2
QUAL	0	751	41	25	16	31
QUAL	0	752	34	23	11	5
QUAL	0	753	39	29	10	7
QUAL	0	754	48	34	14	8
QUAL	0	755	32	27	5	4
QUAL	0	756	41	28	13	5
QUAL	0	757	43	26	17	3
QUAL	0	758	55	37	18	5
QUAL	0	759	38	29	9	5
QUAL	0	760	50	35	15	4
QUAL	0	761	46	34	12	5
QUAL	0	762	48	34	14	6
QUAL	0	763	37	26	11	5
QUAL	0	764	36	26	10	3
QUAL	0	765	27	19	8	7
QUAL	0	766	41	29	12	6
QUAL	0	767	33	22	11	5
QUAL	0	768	31	24	7	5
QUAL	0	769	31	19	12	10
QUAL	0	770	39	26	13	7
QUAL	0	771	38	26	12	9
QUAL	0	772	37	25	12	10
QUAL	0	773	37	27	10	9
QUAL	0	774	39	29	10	2
QUAL	0	775	50	31	19	2
QUAL	0	776	40	29	11	10
QUAL	0	777	40	28	12	3
QUAL	0	778	38	31	7	5
QUAL	0	779	53	41	12	8
QUAL	0	780	46	38	8	8
QUAL	0	781	40	30	10	5
QUAL	0	782	49	38	11	3
QUAL	0	783	44	30	14	5
QUAL	0	784	33	20	13	7
QUAL	0	785	36	23	13	6
QUAL	0	786	43	33	10	9
QUAL	0	787	32	25	7	9
QUAL	0	788	35	22	13	4
QUAL	0	789	33	23	10	3
QUAL	0	790	51	40	11	4
QUAL	0	791	41	31	10	6
QUAL	0	792	48	35	13	5
QUAL	0	793	42	24	18	4
QUAL	0	794	35	24	11	10
QUAL	0	795	33	25	8	3
QUAL	0	796	45	31	14	24
QUAL	0	797	37	28	9	10
QUAL	0	798	39	26	13	7
QUAL	0	799	24	20	4	3
QUAL	0	800	29	19	10	3
QUAL	0	801	35	23	12	1
QUAL	0	802	37	25	12	3
QUAL	0	803	38	26	12	5
QUAL	0	804	34	19	15	5
QUAL	0	805	38	28	10	8
QUAL	0	806	49	32	17	6
QUAL	0	807	22	19	3	5
QUAL	0	808	28	19	9	4
QUAL	0	809	28	22	6	5
QUAL	0	810	44	23	21	4
QUAL	0	811	40	29	11	3
QUAL	0	812	27	16	11	5
QUAL	0	813	31	21	10	6
QUAL	0	814	36	29	7	5
QUAL	0	815	48	32	16	2
QUAL	0	816	35	20	15	3
QUAL	0	817	34	25	9	4
QUAL	0	818	53	41	12	3
QUAL	0	819	49	32	17	3
QUAL	0	820	35	25	10	6
QUAL	0	821	42	31	11	4
QUAL	0	822	32	21	11	3
QUAL	0	823	40	31	8	6
QUAL	0	824	40	29	11	6
QUAL	0	825	41	29	12	5
QUAL	0	826	31	25	6	6
QUAL	0	827	36	23	13	3
QUAL	0	828	32	22	10	3
QUAL	0	829	33	27	6	7
QUAL	0	830	38	26	11	3
QUAL	0	831	43	35	8	6
QUAL	0	832	34	21	13	5
QUAL	0	833	37	30	7	3
QUAL	0	834	30	20	9	8
QUAL	0	835	46	33	13	5
QUAL	0	836	38	21	17	3
QUAL	0	837	30	21	9	3
QUAL	0	838	40	24	16	2
QUAL	0	839	30	24	6	3
QUAL	0	840	41	27	14	7
QUAL	0	841	53	36	17	15
QUAL	0	842	44	32	12	5
QUAL	0	843	40	32	8	6
QUAL	0	844	35	28	7	5
QUAL	0	845	35	26	9	3
QUAL	0	846	31	20	11	6
QUAL	0	847	38	25	13	7
QUAL	0	848	38	28	10	2
QUAL	0	849	42	35	7	5
QUAL	0	850	38	28	10	5
QUAL	0	851	33	24	9	7
QUAL	0	852	23	14	9	4
QUAL	0	853	38	26	12	1
QUAL	0	854	28	18	10	4
QUAL	0	855	35	25	9	0
QUAL	0	856	28	17	11	8
QUAL	0	857	35	26	9	6
QUAL	0	858	35	23	12	5
QUAL	0	859	38	29	9	5
QUAL	0	860	22	18	4	1
QUAL	0	861	47	32	15	8
QUAL	0	862	44	29	15	9
QUAL	0	863	30	25	5	2
QUAL	0	864	38	31	7	5
QUAL	0	865	41	34	7	4
QUAL	0	866	42	29	13	1
QUAL	0	867	40	26	14	12
QUAL	0	868	38	28	10	5
QUAL	0	869	43	30	13	3
QUAL	0	870	42	33	9	4
QUAL	0	871	26	20	6	3
QUAL	0	872	40	29	11	6
QUAL	0	873	42	30	12	4
QUAL	0	874	40	31	9	9
QUAL	0	875	35	24	11	8
QUAL	0	876	42	31	11	9
QUAL	0	877	43	30	13	2
QUAL	0	878	22	17	5	3
QUAL	0	879	37	27	10	5
QUAL	0	880	36	24	12	4
QUAL	0	881	38	32	6	3
QUAL	0	882	48	35	13	6
QUAL	0	883	29	20	9	7
QUAL	0	884	44	28	16	3
QUAL	0	885	29	23	6	3
QUAL	0	886	41	30	11	10
QUAL	0	887	31	21	10	4
QUAL	0	888	37	27	10	10
QUAL	0	889	32	22	10	6
QUAL	0	890	36	27	9	3
QUAL	0	891	25	16	9	6
QUAL	0	892	31	19	12	6
QUAL	0	893	24	10	14	3
QUAL	0	894	32	21	11	3
QUAL	0	895	41	26	15	1
QUAL	0	896	33	26	7	5
QUAL	0	897	41	29	12	5
QUAL	0	898	29	20	9	3
QUAL	0	899	28	18	9	9
QUAL	0	900	43	30	13	6
QUAL	0	901	33	26	7	8
QUAL	0	902	38	27	11	2
QUAL	0	903	42	31	11	6
QUAL	0	904	30	19	11	5
QUAL	0	905	36	25	11	6
QUAL	0	906	37	24	13	2
QUAL	0	907	31	20	11	4
QUAL	0	908	35	26	9	5
QUAL	0	909	29	17	12	5
QUAL	0	910	31	23	8	4
QUAL	0	911	40	31	9	5
QUAL	0	912	40	29	11	3
QUAL	0	913	35	26	9	4
QUAL	0	914	37	23	14	1
QUAL	0	915	18	13	5	5
QUAL	0	916	31	19	12	3
QUAL	0	917	28	18	10	3
QUAL	0	918	40	29	11	1
QUAL	0	919	34	21	13	4
QUAL	0	920	33	19	14	5
QUAL	0	921	31	23	7	8
QUAL	0	922	29	22	7	1
QUAL	0	923	29	24	5	2
QUAL	0	924	35	25	10	6
QUAL	0	925	31	26	5	2
QUAL	0	926	30	21	9	4
QUAL	0	927	38	28	10	3
QUAL	0	928	28	17	11	3
QUAL	0	929	31	23	8	6
QUAL	0	930	34	26	8	5
QUAL	0	931	46	36	10	15
QUAL	0	932	38	30	8	4
QUAL	0	933	25	19	6	5
QUAL	0	934	29	21	8	5
QUAL	0	935	36	26	10	2
QUAL	0	936	30	20	10	4
QUAL	0	937	36	21	15	3
QUAL	0	938	39	29	10	4
QUAL	0	939	38	28	10	3
QUAL	0	940	27	21	6	9
QUAL	0	941	26	23	3	7
QUAL	0	942	41	29	11	5
QUAL	0	943	33	23	10	8
QUAL	0	944	27	18	9	2
QUAL	0	945	31	17	14	3
QUAL	0	946	30	26	4	6
QUAL	0	947	35	19	16	2
QUAL	0	948	29	24	5	6
QUAL	0	949	36	25	11	5
QUAL	0	950	31	18	13	2
QUAL	0	951	39	31	8	3
QUAL	0	952	27	21	6	3
QUAL	0	953	47	38	9	5
QUAL	0	954	35	24	11	8
QUAL	0	955	32	25	7	3
QUAL	0	956	35	28	7	7
QUAL	0	957	33	26	7	3
QUAL	0	958	38	26	12	2
QUAL	0	959	34	23	11	2
QUAL	0	960	34	23	11	3
QUAL	0	961	29	23	6	5
QUAL	0	962	25	17	8	1
QUAL	0	963	32	23	9	2
QUAL	0	964	37	33	4	4
QUAL	0	965	41	32	9	6
QUAL	0	966	42	32	10	7
QUAL	0	967	36	29	7	2
QUAL	0	968	36	25	11	6
QUAL	0	969	30	20	10	3
QUAL	0	970	36	26	10	5
QUAL	0	971	29	23	6	4
QUAL	0	972	38	25	13	6
QUAL	0	973	38	29	9	2
QUAL	0	974	30	22	8	5
QUAL	0	975	34	27	7	7
QUAL	0	976	40	28	12	19
QUAL	0	977	36	21	15	3
QUAL	0	978	41	36	5	4
QUAL	0	979	36	22	13	1
QUAL	0	980	35	20	15	3
QUAL	0	981	41	29	12	4
QUAL	0	982	31	19	12	0
QUAL	0	983	36	24	12	1
QUAL	0	984	30	20	10	1
QUAL	0	985	25	18	7	4
QUAL	0	986	35	26	9	6
QUAL	0	987	29	26	3	5
QUAL	0	988	27	20	6	7
QUAL	0	989	34	26	8	2
QUAL	0	990	28	21	7	3
QUAL	0	991	33	26	7	2
QUAL	0	992	25	15	10	3
QUAL	0	993	19	12	7	3
QUAL	0	994	35	23	12	4
QUAL	0	995	30	22	8	4
QUAL	0	996	44	33	11	5
QUAL	0	997	36	30	6	1
QUAL	0	998	32916	23634	9270	3108
# IDD, InDel distribution:
# IDD	[2]id	[3]length (deletions negative)	[4]count
IDD	0	-60	74
IDD	0	-59	3
IDD	0	-58	3
IDD	0	-57	5
IDD	0	-56	4
IDD	0	-55	1
IDD	0	-54	1
IDD	0	-53	3
IDD	0	-52	2
IDD	0	-50	1
IDD	0	-49	2
IDD	0	-48	5
IDD	0	-47	2
IDD	0	-46	2
IDD	0	-45	7
IDD	0	-44	1
IDD	0	-43	3
IDD	0	-42	8
IDD	0	-41	1
IDD	0	-40	15
IDD	0	-39	13
IDD	0	-38	10
IDD	0	-37	17
IDD	0	-36	14
IDD	0	-35	8
IDD	0	-34	11
IDD	0	-33	9
IDD	0	-32	10
IDD	0	-31	6
IDD	0	-30	19
IDD	0	-29	8
IDD	0	-28	16
IDD	0	-27	17
IDD	0	-26	19
IDD	0	-25	14
IDD	0	-24	38
IDD	0	-23	13
IDD	0	-22	42
IDD	0	-21	37
IDD	0	-20	50
IDD	0	-19	18
IDD	0	-18	79
IDD	0	-17	28
IDD	0	-16	86
IDD	0	-15	67
IDD	0	-14	110
IDD	0	-13	60
IDD	0	-12	245
IDD	0	-11	72
IDD	0	-10	290
IDD	0	-9	98
IDD	0	-8	488
IDD	0	-7	108
IDD	0	-6	862
IDD	0	-5	390
IDD	0	-4	1864
IDD	0	-3	1109
IDD	0	-2	3825
IDD	0	-1	6730
IDD	0	1	5293
IDD	0	2	2731
IDD	0	3	849
IDD	0	4	1725
IDD	0	5	297
IDD	0	6	886
IDD	0	7	121
IDD	0	8	559
IDD	0	9	127
IDD	0	10	368
IDD	0	11	67
IDD	0	12	291
IDD	0	13	35
IDD	0	14	146
IDD	0	15	52
IDD	0	16	120
IDD	0	17	20
IDD	0	18	85
IDD	0	19	25
IDD	0	20	56
IDD	0	21	35
IDD	0	22	28
IDD	0	23	18
IDD	0	24	30
IDD	0	25	10
IDD	0	26	13
IDD	0	27	16
IDD	0	28	10
IDD	0	29	7
IDD	0	30	20
IDD	0	31	8
IDD	0	32	8
IDD	0	33	2
IDD	0	34	4
IDD	0	35	5
IDD	0	36	5
IDD	0	37	16
IDD	0	38	4
IDD	0	39	9
IDD	0	40	4
IDD	0	41	3
IDD	0	42	3
IDD	0	43	3
IDD	0	44	2
IDD	0	47	2
IDD	0	48	1
IDD	0	49	1
IDD	0	51	3
IDD	0	52	4
IDD	0	53	5
IDD	0	54	3
IDD	0	55	1
IDD	0	57	2
IDD	0	58	1
IDD	0	59	1
IDD	0	60	26
# ST, Substitution types:
# ST	[2]id	[3]type	[4]count
ST	0	A>C	4594
ST	0	A>G	21307
ST	0	A>T	3459
ST	0	C>A	5104
ST	0	C>G	6292
ST	0	C>T	23151
ST	0	G>A	23332
ST	0	G>C	6125
ST	0	G>T	5049
ST	0	T>A	3554
ST	0	T>C	21335
ST	0	T>G	4768
# DP, Depth distribution
# DP	[2]id	[3]bin	[4]number of genotypes	[5]fraction of genotypes (%)	[6]number of sites	[7]fraction of sites (%)
DP	0	1	0	0.000000	975	0.616410
DP	0	2	0	0.000000	19062	12.051285
DP	0	3	0	0.000000	9991	6.316462
DP	0	4	0	0.000000	5966	3.771796
DP	0	5	0	0.000000	5184	3.277403
DP	0	6	0	0.000000	4676	2.956238
DP	0	7	0	0.000000	4115	2.601565
DP	0	8	0	0.000000	3772	2.384716
DP	0	9	0	0.000000	3320	2.098954
DP	0	10	0	0.000000	3008	1.901703
DP	0	11	0	0.000000	2843	1.797388
DP	0	12	0	0.000000	2736	1.729741
DP	0	13	0	0.000000	2596	1.641231
DP	0	14	0	0.000000	2346	1.483177
DP	0	15	0	0.000000	2284	1.443979
DP	0	16	0	0.000000	2125	1.343457
DP	0	17	0	0.000000	1977	1.249889
DP	0	18	0	0.000000	1866	1.179713
DP	0	19	0	0.000000	1750	1.106377
DP	0	20	0	0.000000	1687	1.066547
DP	0	21	0	0.000000	1654	1.045684
DP	0	22	0	0.000000	1582	1.000164
DP	0	23	0	0.000000	1531	0.967921
DP	0	24	0	0.000000	1487	0.940104
DP	0	25	0	0.000000	1418	0.896481
DP	0	26	0	0.000000	1422	0.899010
DP	0	27	0	0.000000	1345	0.850329
DP	0	28	0	0.000000	1226	0.775096
DP	0	29	0	0.000000	1323	0.836421
DP	0	30	0	0.000000	1288	0.814293
DP	0	31	0	0.000000	1273	0.804810
DP	0	32	0	0.000000	1252	0.791533
DP	0	33	0	0.000000	1205	0.761819
DP	0	34	0	0.000000	1219	0.770670
DP	0	35	0	0.000000	1169	0.739060
DP	0	36	0	0.000000	1165	0.736531
DP	0	37	0	0.000000	1179	0.745382
DP	0	38	0	0.000000	1057	0.668251
DP	0	39	0	0.000000	1105	0.698598
DP	0	40	0	0.000000	1050	0.663826
DP	0	41	0	0.000000	1092	0.690379
DP	0	42	0	0.000000	1078	0.681528
DP	0	43	0	0.000000	1004	0.634744
DP	0	44	0	0.000000	1054	0.666355
DP	0	45	0	0.000000	979	0.618939
DP	0	46	0	0.000000	970	0.613249
DP	0	47	0	0.000000	999	0.631583
DP	0	48	0	0.000000	927	0.586063
DP	0	49	0	0.000000	944	0.596811
DP	0	50	0	0.000000	902	0.570258
DP	0	51	0	0.000000	939	0.593650
DP	0	52	0	0.000000	874	0.552556
DP	0	53	0	0.000000	856	0.541176
DP	0	54	0	0.000000	853	0.539280
DP	0	55	0	0.000000	807	0.510198
DP	0	56	0	0.000000	781	0.493760
DP	0	57	0	0.000000	824	0.520945
DP	0	58	0	0.000000	760	0.480484
DP	0	59	0	0.000000	793	0.501347
DP	0	60	0	0.000000	767	0.484909
DP	0	61	0	0.000000	751	0.474794
DP	0	62	0	0.000000	745	0.471000
DP	0	63	0	0.000000	697	0.440654
DP	0	64	0	0.000000	770	0.486806
DP	0	65	0	0.000000	709	0.448241
DP	0	66	0	0.000000	673	0.425481
DP	0	67	0	0.000000	676	0.427377
DP	0	68	0	0.000000	667	0.421688
DP	0	69	0	0.000000	647	0.409043
DP	0	70	0	0.000000	625	0.395134
DP	0	71	0	0.000000	605	0.382490
DP	0	72	0	0.000000	595	0.376168
DP	0	73	0	0.000000	586	0.370478
DP	0	74	0	0.000000	574	0.362891
DP	0	75	0	0.000000	529	0.334442
DP	0	76	0	0.000000	569	0.359730
DP	0	77	0	0.000000	553	0.349615
DP	0	78	0	0.000000	525	0.331913
DP	0	79	0	0.000000	535	0.338235
DP	0	80	0	0.000000	532	0.336338
DP	0	81	0	0.000000	484	0.305992
DP	0	82	0	0.000000	513	0.324326
DP	0	83	0	0.000000	496	0.313579
DP	0	84	0	0.000000	490	0.309785
DP	0	85	0	0.000000	484	0.305992
DP	0	86	0	0.000000	427	0.269956
DP	0	87	0	0.000000	480	0.303463
DP	0	88	0	0.000000	476	0.300934
DP	0	89	0	0.000000	411	0.259840
DP	0	90	0	0.000000	455	0.287658
DP	0	91	0	0.000000	423	0.267427
DP	0	92	0	0.000000	426	0.269324
DP	0	93	0	0.000000	375	0.237081
DP	0	94	0	0.000000	412	0.260473
DP	0	95	0	0.000000	372	0.235184
DP	0	96	0	0.000000	342	0.216218
DP	0	97	0	0.000000	340	0.214953
DP	0	98	0	0.000000	362	0.228862
DP	0	99	0	0.000000	368	0.232655
DP	0	100	0	0.000000	336	0.212424
DP	0	101	0	0.000000	324	0.204838
DP	0	102	0	0.000000	321	0.202941
DP	0	103	0	0.000000	316	0.199780
DP	0	104	0	0.000000	257	0.162479
DP	0	105	0	0.000000	281	0.177652
DP	0	106	0	0.000000	301	0.190297
DP	0	107	0	0.000000	293	0.185239
DP	0	108	0	0.000000	264	0.166905
DP	0	109	0	0.000000	234	0.147938
DP	0	110	0	0.000000	263	0.166273
DP	0	111	0	0.000000	240	0.151732
DP	0	112	0	0.000000	222	0.140352
DP	0	113	0	0.000000	233	0.147306
DP	0	114	0	0.000000	195	0.123282
DP	0	115	0	0.000000	224	0.141616
DP	0	116	0	0.000000	180	0.113799
DP	0	117	0	0.000000	208	0.131501
DP	0	118	0	0.000000	171	0.108109
DP	0	119	0	0.000000	173	0.109373
DP	0	120	0	0.000000	164	0.103683
DP	0	121	0	0.000000	150	0.094832
DP	0	122	0	0.000000	162	0.102419
DP	0	123	0	0.000000	162	0.102419
DP	0	124	0	0.000000	149	0.094200
DP	0	125	0	0.000000	148	0.093568
DP	0	126	0	0.000000	127	0.080291
DP	0	127	0	0.000000	137	0.086613
DP	0	128	0	0.000000	122	0.077130
DP	0	129	0	0.000000	113	0.071440
DP	0	130	0	0.000000	110	0.069544
DP	0	131	0	0.000000	111	0.070176
DP	0	132	0	0.000000	104	0.065750
DP	0	133	0	0.000000	133	0.084085
DP	0	134	0	0.000000	116	0.073337
DP	0	135	0	0.000000	97	0.061325
DP	0	136	0	0.000000	91	0.057532
DP	0	137	0	0.000000	85	0.053738
DP	0	138	0	0.000000	89	0.056267
DP	0	139	0	0.000000	71	0.044887
DP	0	140	0	0.000000	90	0.056899
DP	0	141	0	0.000000	80	0.050577
DP	0	142	0	0.000000	71	0.044887
DP	0	143	0	0.000000	69	0.043623
DP	0	144	0	0.000000	93	0.058796
DP	0	145	0	0.000000	80	0.050577
DP	0	146	0	0.000000	62	0.039197
DP	0	147	0	0.000000	61	0.038565
DP	0	148	0	0.000000	57	0.036036
DP	0	149	0	0.000000	56	0.035404
DP	0	150	0	0.000000	54	0.034140
DP	0	151	0	0.000000	54	0.034140
DP	0	152	0	0.000000	58	0.036668
DP	0	153	0	0.000000	39	0.024656
DP	0	154	0	0.000000	40	0.025289
DP	0	155	0	0.000000	45	0.028450
DP	0	156	0	0.000000	42	0.026553
DP	0	157	0	0.000000	43	0.027185
DP	0	158	0	0.000000	33	0.020863
DP	0	159	0	0.000000	31	0.019599
DP	0	160	0	0.000000	39	0.024656
DP	0	161	0	0.000000	35	0.022128
DP	0	162	0	0.000000	23	0.014541
DP	0	163	0	0.000000	35	0.022128
DP	0	164	0	0.000000	41	0.025921
DP	0	165	0	0.000000	23	0.014541
DP	0	166	0	0.000000	28	0.017702
DP	0	167	0	0.000000	27	0.017070
DP	0	168	0	0.000000	28	0.017702
DP	0	169	0	0.000000	24	0.015173
DP	0	170	0	0.000000	25	0.015805
DP	0	171	0	0.000000	15	0.009483
DP	0	172	0	0.000000	21	0.013277
DP	0	173	0	0.000000	21	0.013277
DP	0	174	0	0.000000	25	0.015805
DP	0	175	0	0.000000	32	0.020231
DP	0	176	0	0.000000	13	0.008219
DP	0	177	0	0.000000	19	0.012012
DP	0	178	0	0.000000	18	0.011380
DP	0	179	0	0.000000	29	0.018334
DP	0	180	0	0.000000	19	0.012012
DP	0	181	0	0.000000	27	0.017070
DP	0	182	0	0.000000	24	0.015173
DP	0	183	0	0.000000	16	0.010115
DP	0	184	0	0.000000	15	0.009483
DP	0	185	0	0.000000	12	0.007587
DP	0	186	0	0.000000	21	0.013277
DP	0	187	0	0.000000	19	0.012012
DP	0	188	0	0.000000	24	0.015173
DP	0	189	0	0.000000	12	0.007587
DP	0	190	0	0.000000	17	0.010748
DP	0	191	0	0.000000	24	0.015173
DP	0	192	0	0.000000	21	0.013277
DP	0	193	0	0.000000	15	0.009483
DP	0	194	0	0.000000	17	0.010748
DP	0	195	0	0.000000	16	0.010115
DP	0	196	0	0.000000	16	0.010115
DP	0	197	0	0.000000	16	0.010115
DP	0	198	0	0.000000	23	0.014541
DP	0	199	0	0.000000	19	0.012012
DP	0	200	0	0.000000	17	0.010748
DP	0	201	0	0.000000	11	0.006954
DP	0	202	0	0.000000	10	0.006322
DP	0	203	0	0.000000	17	0.010748
DP	0	204	0	0.000000	15	0.009483
DP	0	205	0	0.000000	10	0.006322
DP	0	206	0	0.000000	13	0.008219
DP	0	207	0	0.000000	12	0.007587
DP	0	208	0	0.000000	8	0.005058
DP	0	209	0	0.000000	17	0.010748
DP	0	210	0	0.000000	17	0.010748
DP	0	211	0	0.000000	17	0.010748
DP	0	212	0	0.000000	19	0.012012
DP	0	213	0	0.000000	8	0.005058
DP	0	214	0	0.000000	16	0.010115
DP	0	215	0	0.000000	16	0.010115
DP	0	216	0	0.000000	8	0.005058
DP	0	217	0	0.000000	14	0.008851
DP	0	218	0	0.000000	13	0.008219
DP	0	219	0	0.000000	12	0.007587
DP	0	220	0	0.000000	11	0.006954
DP	0	221	0	0.000000	10	0.006322
DP	0	222	0	0.000000	5	0.003161
DP	0	223	0	0.000000	11	0.006954
DP	0	224	0	0.000000	7	0.004426
DP	0	225	0	0.000000	9	0.005690
DP	0	226	0	0.000000	10	0.006322
DP	0	227	0	0.000000	11	0.006954
DP	0	228	0	0.000000	8	0.005058
DP	0	229	0	0.000000	9	0.005690
DP	0	230	0	0.000000	7	0.004426
DP	0	231	0	0.000000	14	0.008851
DP	0	232	0	0.000000	10	0.006322
DP	0	233	0	0.000000	10	0.006322
DP	0	234	0	0.000000	9	0.005690
DP	0	235	0	0.000000	5	0.003161
DP	0	236	0	0.000000	5	0.003161
DP	0	237	0	0.000000	5	0.003161
DP	0	238	0	0.000000	4	0.002529
DP	0	239	0	0.000000	9	0.005690
DP	0	240	0	0.000000	9	0.005690
DP	0	241	0	0.000000	9	0.005690
DP	0	242	0	0.000000	6	0.003793
DP	0	243	0	0.000000	15	0.009483
DP	0	244	0	0.000000	10	0.006322
DP	0	245	0	0.000000	9	0.005690
DP	0	246	0	0.000000	8	0.005058
DP	0	247	0	0.000000	4	0.002529
DP	0	248	0	0.000000	11	0.006954
DP	0	249	0	0.000000	5	0.003161
DP	0	250	0	0.000000	9	0.005690
DP	0	251	0	0.000000	13	0.008219
DP	0	252	0	0.000000	11	0.006954
DP	0	253	0	0.000000	8	0.005058
DP	0	254	0	0.000000	5	0.003161
DP	0	255	0	0.000000	8	0.005058
DP	0	256	0	0.000000	4	0.002529
DP	0	257	0	0.000000	12	0.007587
DP	0	258	0	0.000000	5	0.003161
DP	0	259	0	0.000000	4	0.002529
DP	0	260	0	0.000000	4	0.002529
DP	0	261	0	0.000000	3	0.001897
DP	0	262	0	0.000000	7	0.004426
DP	0	263	0	0.000000	9	0.005690
DP	0	264	0	0.000000	9	0.005690
DP	0	265	0	0.000000	6	0.003793
DP	0	266	0	0.000000	7	0.004426
DP	0	267	0	0.000000	6	0.003793
DP	0	268	0	0.000000	6	0.003793
DP	0	269	0	0.000000	10	0.006322
DP	0	270	0	0.000000	3	0.001897
DP	0	271	0	0.000000	10	0.006322
DP	0	272	0	0.000000	6	0.003793
DP	0	273	0	0.000000	6	0.003793
DP	0	274	0	0.000000	5	0.003161
DP	0	275	0	0.000000	7	0.004426
DP	0	276	0	0.000000	6	0.003793
DP	0	277	0	0.000000	1	0.000632
DP	0	278	0	0.000000	6	0.003793
DP	0	279	0	0.000000	1	0.000632
DP	0	280	0	0.000000	3	0.001897
DP	0	281	0	0.000000	2	0.001264
DP	0	282	0	0.000000	2	0.001264
DP	0	283	0	0.000000	7	0.004426
DP	0	284	0	0.000000	7	0.004426
DP	0	285	0	0.000000	3	0.001897
DP	0	286	0	0.000000	5	0.003161
DP	0	287	0	0.000000	5	0.003161
DP	0	288	0	0.000000	5	0.003161
DP	0	289	0	0.000000	3	0.001897
DP	0	290	0	0.000000	3	0.001897
DP	0	291	0	0.000000	7	0.004426
DP	0	292	0	0.000000	3	0.001897
DP	0	293	0	0.000000	6	0.003793
DP	0	294	0	0.000000	2	0.001264
DP	0	295	0	0.000000	4	0.002529
DP	0	296	0	0.000000	6	0.003793
DP	0	297	0	0.000000	3	0.001897
DP	0	298	0	0.000000	3	0.001897
DP	0	299	0	0.000000	4	0.002529
DP	0	300	0	0.000000	4	0.002529
DP	0	301	0	0.000000	6	0.003793
DP	0	302	0	0.000000	3	0.001897
DP	0	303	0	0.000000	3	0.001897
DP	0	304	0	0.000000	6	0.003793
DP	0	305	0	0.000000	2	0.001264
DP	0	306	0	0.000000	4	0.002529
DP	0	307	0	0.000000	4	0.002529
DP	0	308	0	0.000000	2	0.001264
DP	0	309	0	0.000000	2	0.001264
DP	0	310	0	0.000000	6	0.003793
DP	0	311	0	0.000000	9	0.005690
DP	0	312	0	0.000000	3	0.001897
DP	0	313	0	0.000000	4	0.002529
DP	0	314	0	0.000000	3	0.001897
DP	0	315	0	0.000000	3	0.001897
DP	0	317	0	0.000000	3	0.001897
DP	0	318	0	0.000000	1	0.000632
DP	0	319	0	0.000000	2	0.001264
DP	0	320	0	0.000000	5	0.003161
DP	0	321	0	0.000000	6	0.003793
DP	0	322	0	0.000000	6	0.003793
DP	0	323	0	0.000000	3	0.001897
DP	0	324	0	0.000000	5	0.003161
DP	0	325	0	0.000000	2	0.001264
DP	0	326	0	0.000000	4	0.002529
DP	0	327	0	0.000000	1	0.000632
DP	0	328	0	0.000000	2	0.001264
DP	0	329	0	0.000000	4	0.002529
DP	0	331	0	0.000000	1	0.000632
DP	0	332	0	0.000000	6	0.003793
DP	0	333	0	0.000000	5	0.003161
DP	0	334	0	0.000000	3	0.001897
DP	0	335	0	0.000000	5	0.003161
DP	0	336	0	0.000000	1	0.000632
DP	0	337	0	0.000000	2	0.001264
DP	0	338	0	0.000000	6	0.003793
DP	0	339	0	0.000000	2	0.001264
DP	0	340	0	0.000000	4	0.002529
DP	0	341	0	0.000000	1	0.000632
DP	0	342	0	0.000000	3	0.001897
DP	0	343	0	0.000000	1	0.000632
DP	0	344	0	0.000000	2	0.001264
DP	0	345	0	0.000000	4	0.002529
DP	0	346	0	0.000000	3	0.001897
DP	0	347	0	0.000000	1	0.000632
DP	0	348	0	0.000000	2	0.001264
DP	0	349	0	0.000000	3	0.001897
DP	0	350	0	0.000000	4	0.002529
DP	0	351	0	0.000000	3	0.001897
DP	0	352	0	0.000000	4	0.002529
DP	0	353	0	0.000000	1	0.000632
DP	0	354	0	0.000000	1	0.000632
DP	0	355	0	0.000000	6	0.003793
DP	0	356	0	0.000000	1	0.000632
DP	0	357	0	0.000000	3	0.001897
DP	0	358	0	0.000000	3	0.001897
DP	0	359	0	0.000000	5	0.003161
DP	0	360	0	0.000000	1	0.000632
DP	0	361	0	0.000000	4	0.002529
DP	0	362	0	0.000000	7	0.004426
DP	0	363	0	0.000000	3	0.001897
DP	0	364	0	0.000000	2	0.001264
DP	0	365	0	0.000000	3	0.001897
DP	0	366	0	0.000000	2	0.001264
DP	0	367	0	0.000000	4	0.002529
DP	0	368	0	0.000000	3	0.001897
DP	0	369	0	0.000000	1	0.000632
DP	0	370	0	0.000000	4	0.002529
DP	0	371	0	0.000000	2	0.001264
DP	0	373	0	0.000000	2	0.001264
DP	0	374	0	0.000000	2	0.001264
DP	0	375	0	0.000000	3	0.001897
DP	0	376	0	0.000000	2	0.001264
DP	0	377	0	0.000000	2	0.001264
DP	0	378	0	0.000000	1	0.000632
DP	0	379	0	0.000000	3	0.001897
DP	0	380	0	0.000000	3	0.001897
DP	0	381	0	0.000000	1	0.000632
DP	0	382	0	0.000000	4	0.002529
DP	0	383	0	0.000000	2	0.001264
DP	0	384	0	0.000000	3	0.001897
DP	0	385	0	0.000000	2	0.001264
DP	0	386	0	0.000000	3	0.001897
DP	0	387	0	0.000000	2	0.001264
DP	0	388	0	0.000000	2	0.001264
DP	0	389	0	0.000000	3	0.001897
DP	0	390	0	0.000000	4	0.002529
DP	0	391	0	0.000000	2	0.001264
DP	0	392	0	0.000000	2	0.001264
DP	0	393	0	0.000000	2	0.001264
DP	0	394	0	0.000000	3	0.001897
DP	0	395	0	0.000000	2	0.001264
DP	0	397	0	0.000000	1	0.000632
DP	0	398	0	0.000000	1	0.000632
DP	0	399	0	0.000000	3	0.001897
DP	0	400	0	0.000000	2	0.001264
DP	0	401	0	0.000000	1	0.000632
DP	0	402	0	0.000000	1	0.000632
DP	0	404	0	0.000000	4	0.002529
DP	0	405	0	0.000000	2	0.001264
DP	0	406	0	0.000000	2	0.001264
DP	0	408	0	0.000000	3	0.001897
DP	0	409	0	0.000000	4	0.002529
DP	0	410	0	0.000000	2	0.001264
DP	0	411	0	0.000000	1	0.000632
DP	0	412	0	0.000000	4	0.002529
DP	0	414	0	0.000000	3	0.001897
DP	0	415	0	0.000000	1	0.000632
DP	0	416	0	0.000000	1	0.000632
DP	0	417	0	0.000000	3	0.001897
DP	0	419	0	0.000000	3	0.001897
DP	0	420	0	0.000000	1	0.000632
DP	0	421	0	0.000000	1	0.000632
DP	0	423	0	0.000000	1	0.000632
DP	0	424	0	0.000000	2	0.001264
DP	0	425	0	0.000000	1	0.000632
DP	0	426	0	0.000000	2	0.001264
DP	0	427	0	0.000000	1	0.000632
DP	0	428	0	0.000000	1	0.000632
DP	0	429	0	0.000000	2	0.001264
DP	0	430	0	0.000000	3	0.001897
DP	0	431	0	0.000000	1	0.000632
DP	0	432	0	0.000000	3	0.001897
DP	0	434	0	0.000000	2	0.001264
DP	0	435	0	0.000000	1	0.000632
DP	0	436	0	0.000000	2	0.001264
DP	0	437	0	0.000000	1	0.000632
DP	0	439	0	0.000000	1	0.000632
DP	0	442	0	0.000000	1	0.000632
DP	0	443	0	0.000000	2	0.001264
DP	0	444	0	0.000000	3	0.001897
DP	0	445	0	0.000000	4	0.002529
DP	0	446	0	0.000000	1	0.000632
DP	0	447	0	0.000000	1	0.000632
DP	0	448	0	0.000000	4	0.002529
DP	0	449	0	0.000000	2	0.001264
DP	0	450	0	0.000000	1	0.000632
DP	0	452	0	0.000000	2	0.001264
DP	0	453	0	0.000000	1	0.000632
DP	0	455	0	0.000000	3	0.001897
DP	0	456	0	0.000000	1	0.000632
DP	0	457	0	0.000000	3	0.001897
DP	0	458	0	0.000000	3	0.001897
DP	0	459	0	0.000000	3	0.001897
DP	0	460	0	0.000000	2	0.001264
DP	0	461	0	0.000000	2	0.001264
DP	0	462	0	0.000000	4	0.002529
DP	0	463	0	0.000000	1	0.000632
DP	0	464	0	0.000000	1	0.000632
DP	0	465	0	0.000000	1	0.000632
DP	0	466	0	0.000000	1	0.000632
DP	0	467	0	0.000000	3	0.001897
DP	0	468	0	0.000000	2	0.001264
DP	0	469	0	0.000000	1	0.000632
DP	0	470	0	0.000000	4	0.002529
DP	0	471	0	0.000000	1	0.000632
DP	0	472	0	0.000000	1	0.000632
DP	0	473	0	0.000000	1	0.000632
DP	0	474	0	0.000000	1	0.000632
DP	0	475	0	0.000000	2	0.001264
DP	0	476	0	0.000000	3	0.001897
DP	0	478	0	0.000000	1	0.000632
DP	0	479	0	0.000000	2	0.001264
DP	0	480	0	0.000000	2	0.001264
DP	0	481	0	0.000000	1	0.000632
DP	0	482	0	0.000000	1	0.000632
DP	0	484	0	0.000000	2	0.001264
DP	0	485	0	0.000000	1	0.000632
DP	0	486	0	0.000000	1	0.000632
DP	0	487	0	0.000000	1	0.000632
DP	0	488	0	0.000000	1	0.000632
DP	0	490	0	0.000000	1	0.000632
DP	0	492	0	0.000000	2	0.001264
DP	0	494	0	0.000000	1	0.000632
DP	0	496	0	0.000000	1	0.000632
DP	0	497	0	0.000000	1	0.000632
DP	0	498	0	0.000000	3	0.001897
DP	0	>500	0	0.000000	268	0.169434
